([11, 5, 3, 1], [array([[-3.4862296 ,  1.18623877, -0.06500021,  0.20577292,  0.25587116,
         5.12481983,  2.55350507, -0.20112907,  0.22009547, -0.79361577,
         0.71343915],
       [-1.76662767,  0.17065045,  1.45227528,  0.61136139,  0.48058765,
         0.99176143,  0.40014887,  0.86085819,  1.21824443, -0.32326301,
         0.33659306],
       [ 0.65190057, -6.14267672,  0.41409153, -0.49644788,  0.59345555,
        -0.24532383, -0.19608554, -0.08663994,  0.13789353,  0.2266857 ,
        -0.77526534],
       [ 1.73549222, -0.45890324,  0.32302772, -1.61479489, -1.52481903,
         0.67925202,  1.19691272,  0.29363532,  1.21828108,  2.35767141,
        -0.99055159],
       [-3.59357692, -2.4651013 ,  0.74455081,  1.16239823,  1.51741707,
         6.96062536, -0.44967602, -0.24564325,  0.21612311, -0.74515596,
        -1.58138087]]), array([[-3.49330567,  1.70470045,  2.52519651,  0.77874914, -4.76425026],
       [-4.03450617,  3.17934349,  2.48629802,  0.05396927, -6.15506478],
       [-2.14700396,  1.1073355 ,  1.33220165,  0.95234589, -4.0368636 ]]), array([[ -8.6377663 , -12.52866713,  -6.89716566]])], [array([[-0.04852656],
       [ 1.54626093],
       [-1.72466849],
       [-0.05914651],
       [ 3.2131134 ]]), array([[1.77767464],
       [1.99911991],
       [1.85029974]]), array([[0.43198556]])])