1.304 1
-1.054 1
0.662 1
-1.452 1
-0.322 1
-0.688 1
-3.005 1
-2.825 1
-0.639 1
-0.443 1
2.796 1
4.338 1
-0.061 1
-0.779 1
-0.049 1
0.394 1
-2.101 1
2.15 1
1.446 1
-2.169 1
0.404 1
0.058 1
-0.814 1
-1.28 1
-2.019 1
-0.677 1
-1.929 1
-1.472 1
-3.201 1
-1.17 1
-0.667 1
-0.208 1
1.628 1
0.848 1
-0.101 1
0.983 1
0.908 1
-3.726 1
-1.27 1
1.041 1
0.888 1
-0.615 1
-0.161 1
-1.365 1
-0.103 1
0.986 1
1.111 1
0.993 1
0.173 1
-0.127 1
3.413 2
0.854 2
-0.591 2
17.869 2
-4.101 2
-1.314 2
-0.135 2
-6.743 2
-1.538 2
-2.858 2
-2.136 2
-0.354 2
0.53 2
0.7 2
-3.091 2
1.365 2
0.708 2
1.085 2
-4.365 2
6.941 2
0.607 2
3.815 2
-10.422 2
-0.816 2
4.96 2
-1.581 2
2.384 2
3.743 2
6.167 2
-6.125 2
2.712 2
-0.189 2
-0.168 2
1.108 2
0.632 2
0.431 2
-1.695 2
-3.637 2
1.673 2
6.0 2
-1.74 2
2.801 2
3.765 2
3.472 2
4.207 2
-2.628 2
4.983 2
0.544 2
2.72 2
9.934 2
