0.316 0.429
0.448 -0.071
-0.362 3.013
-0.279 2.698
0.877 -1.705
-0.913 5.112
0.765 -1.281
0.433 -0.016
-0.13 2.13
0.135 1.122
0.634 -0.781
-2.003 9.268
-0.093 1.991
0.395 0.131
0.004 1.62
-0.677 4.213
0.431 -0.007
-0.166 2.266
0.555 -0.479
0.018 1.568
1.097 -2.544
0.606 -0.673
0.444 -0.056
0.022 1.552
-0.552 3.737
0.335 0.357
1.623 -4.548
-0.171 2.286
0.617 -0.716
-0.376 3.069
0.989 -2.134
0.791 -1.38
-0.388 3.112
-0.59 3.884
-0.423 3.247
-1.131 5.943
-0.209 2.432
-0.484 3.478
-1.536 7.486
1.37 -3.584
0.305 0.474
0.765 -1.279
2.344 -7.295
1.24 -3.088
0.286 0.547
0.942 -1.954
0.82 -1.49
1.094 -2.535
-1.27 6.472
0.164 1.01
