0.068 1.192
0.713 -0.129
-1.103 -0.045
-0.458 0.69
2.024 1.629
-0.771 -0.88
-0.666 0.31
2.493 1.287
-0.258 1.468
-0.421 -1.899
0.936 -1.286
-0.214 1.178
2.152 0.268
0.049 -0.428
0.282 0.219
-0.271 -0.418
1.166 0.862
-1.689 -1.54
0.096 -0.296
-0.171 0.158
0.641 -1.426
0.252 1.014
0.154 1.597
-0.81 -3.01
-0.236 -0.08
-1.479 0.271
0.45 0.631
2.331 0.4
0.073 -1.161
0.239 -1.423
0.751 1.631
1.125 0.836
0.026 -1.006
0.119 0.06
0.433 2.042
0.406 0.149
-0.037 -0.026
-1.066 -1.447
0.282 -0.781
0.707 -0.697
-0.746 0.14
1.369 0.072
-0.513 2.037
-0.266 -0.907
-0.719 1.066
-1.216 0.17
0.262 -0.246
-1.111 -0.997
0.96 -0.091
-1.263 -0.638
